#t, x, y, z, vx, vy, vz
0.00 -1.53 2.85 -1.46 -0.40 3.19 -0.43
71.43 -1.60 2.98 -1.48 -1.43 7.43 -0.36
142.86 -1.80 3.15 -1.56 -3.47 8.87 -0.93
214.29 -2.24 3.44 -1.60 -2.80 8.03 0.07
285.71 -2.47 3.81 -1.57 -4.25 8.18 -0.19
357.14 -2.87 4.18 -1.53 -6.54 7.79 0.59
428.57 -3.33 4.85 -1.65 -8.76 12.79 -2.30
500.00 -3.65 5.47 -1.81 -4.82 10.99 -2.80
571.43 -3.82 6.07 -2.01 -3.30 7.07 -1.93
642.86 -4.02 6.65 -2.16 -5.02 4.54 -1.81
714.29 -4.13 7.07 -2.22 -7.62 6.03 -0.90
785.71 -4.57 7.71 -2.56 -8.08 9.65 -6.52
857.14 -5.27 8.46 -3.18 -9.52 7.13 -9.65
928.57 -6.02 9.25 -3.73 -11.34 11.10 -9.23
1000.00 -6.72 10.03 -4.33 -6.57 10.72 -7.74
1071.43 -7.11 10.97 -4.87 -4.25 11.07 -8.51
1142.86 -7.33 12.18 -5.68 -4.65 16.39 -10.65
1214.29 -7.67 13.32 -6.45 -7.65 14.20 -11.16
1285.71 -8.29 14.42 -7.19 -9.41 15.07 -10.92
1357.14 -9.05 15.50 -7.97 -12.16 17.41 -11.25
1428.57 -10.07 16.86 -8.91 -11.78 14.58 -13.51
1500.00 -10.97 18.22 -9.94 -13.32 22.50 -14.83
1571.43 -11.55 19.78 -10.95 -10.98 24.01 -15.71
1642.86 -12.29 21.51 -11.83 -13.87 25.73 -12.70
1714.29 -13.17 23.22 -12.77 -12.28 26.93 -14.23
1785.71 -14.16 25.08 -13.77 -14.58 25.02 -15.65
1857.14 -15.26 26.91 -14.86 -18.82 27.28 -15.17
1928.57 -16.75 29.27 -15.80 -24.22 30.06 -15.03
2000.00 -18.22 31.77 -16.96 -22.37 34.86 -15.28
2071.43 -19.79 34.34 -18.06 -21.97 39.65 -16.55
2142.86 -21.36 37.13 -19.23 -17.64 40.57 -15.54
2214.29 -22.68 40.13 -20.45 -18.71 39.09 -19.07
2285.71 -24.25 43.03 -21.86 -23.01 38.80 -19.19
2357.14 -25.95 45.92 -23.15 -24.71 44.05 -19.26
2428.57 -27.69 49.04 -24.47 -24.13 44.23 -19.48
2500.00 -29.43 52.19 -25.90 -24.63 49.87 -20.18
2571.43 -31.20 55.90 -27.40 -25.09 54.72 -21.94
2642.86 -33.04 59.67 -28.77 -26.32 54.18 -19.37
2714.29 -34.95 63.69 -30.29 -26.50 55.50 -22.13
2785.71 -36.80 67.73 -31.89 -28.30 57.83 -24.11
2857.14 -38.89 72.00 -33.61 -31.87 63.05 -23.88
2928.57 -41.01 76.47 -35.39 -31.73 65.79 -27.91
3000.00 -43.14 81.57 -37.46 -31.51 72.69 -28.36
3071.43 -45.20 86.98 -39.46 -34.04 79.64 -28.07
3142.86 -47.39 93.01 -41.54 -34.42 81.27 -30.32
3214.29 -49.80 99.25 -43.71 -36.47 83.54 -30.27
3285.71 -52.51 105.51 -45.73 -39.94 89.70 -30.47
3357.14 -55.41 112.48 -47.94 -42.93 97.20 -31.60
3428.57 -58.65 120.08 -50.17 -42.53 110.84 -30.47
3500.00 -61.71 128.37 -52.30 -40.12 120.62 -30.22
3571.43 -64.77 137.46 -54.38 -42.19 132.84 -28.11
3642.86 -67.99 147.50 -56.33 -43.30 149.54 -27.66
3714.29 -70.98 158.98 -58.06 -42.92 171.38 -21.10
3785.71 -74.07 171.88 -59.22 -43.42 191.89 -10.85
3857.14 -76.98 186.65 -59.33 -36.59 227.46 10.36
3928.57 -78.74 204.20 -57.23 -5.88 264.79 57.15
4000.00 -76.83 222.99 -50.45 57.09 245.73 129.50
4071.43 -71.23 238.39 -40.16 91.64 182.86 148.35
4142.86 -64.59 249.37 -30.14 84.83 125.39 128.87
4214.29 -58.77 257.19 -21.88 74.94 89.17 103.61
4285.71 -53.68 262.80 -15.15 67.70 65.20 86.24
4357.14 -49.00 266.79 -9.68 63.65 44.68 71.09
4428.57 -44.61 269.12 -4.98 62.36 26.23 62.93
4500.00 -40.64 270.25 -0.91 59.00 8.90 52.78
4571.43 -36.64 270.37 2.69 53.76 -5.75 49.88
4642.86 -32.86 269.49 5.99 52.16 -16.96 43.29
4714.29 -29.17 267.78 8.88 52.09 -28.26 37.61
4785.71 -25.54 265.30 11.38 50.84 -39.81 32.67
4857.14 -21.90 261.89 13.67 49.44 -51.11 29.85
4928.57 -18.53 257.88 15.79 44.63 -60.37 25.83
5000.00 -15.49 253.14 17.56 42.40 -70.80 21.30
5071.43 -12.61 247.69 18.93 36.23 -80.12 14.51
5142.86 -9.74 241.71 19.74 36.02 -88.63 5.09
5214.29 -7.28 235.21 19.82 29.19 -92.97 -6.16
5285.71 -5.02 228.73 18.82 32.00 -89.59 -19.84
5357.14 -2.56 222.51 17.29 37.22 -89.94 -23.37
5428.57 0.06 215.90 15.76 38.06 -99.54 -20.75
5500.00 2.60 208.31 14.41 36.24 -113.48 -18.15
5571.43 4.99 199.74 13.18 33.14 -130.19 -15.56
5642.86 7.11 189.64 11.88 25.29 -152.20 -19.89
5714.29 8.19 177.85 10.08 11.55 -175.30 -32.09
5785.71 8.25 163.87 7.33 -11.10 -223.42 -49.14
5857.14 3.38 144.89 1.59 -171.39 -231.33 -88.21
5928.57 -6.12 136.23 -1.03 -78.62 -69.13 -15.93
6000.00 -7.82 132.67 -1.24 24.91 -33.54 23.32
6071.43 -4.43 131.55 1.15 79.01 -0.03 48.42
6142.86 2.82 133.45 5.45 125.03 41.68 73.05
6214.29 8.37 137.88 11.34 191.04 137.31 118.30
6285.71 15.41 142.62 18.30 25.14 -55.05 6.40
6357.14 19.82 140.21 19.07 40.98 -48.82 22.00
6428.57 23.29 137.86 19.99 41.75 -26.14 18.05
6500.00 28.19 136.75 22.46 42.02 -20.18 21.26
6571.43 31.34 134.95 24.45 41.40 -31.14 21.48
6642.86 34.42 133.05 26.91 39.61 -23.15 33.95
6714.29 37.57 131.25 29.82 37.98 -25.87 33.95
6785.71 40.27 129.16 32.37 43.35 -27.68 40.55
6857.14 43.13 126.91 34.56 41.36 -30.95 28.68
6928.57 45.88 124.41 36.41 42.84 -31.43 24.24
7000.00 48.67 122.09 38.50 38.24 -28.46 22.19
7071.43 51.11 119.95 40.38 38.70 -22.59 29.59
7142.86 53.54 118.00 42.09 33.04 -20.82 20.09
7214.29 55.85 116.02 43.33 36.70 -24.08 21.07
7285.71 58.33 114.19 44.76 32.73 -26.66 20.62
7357.14 60.73 112.41 46.14 30.97 -25.37 22.16
7428.57 63.24 110.76 47.89 31.01 -22.86 26.60
7500.00 65.74 109.17 49.68 30.61 -24.29 24.43
7571.43 68.15 107.31 51.42 28.75 -27.05 23.20
7642.86 70.61 105.49 53.19 31.46 -25.27 30.12
7714.29 72.94 103.94 55.19 28.83 -21.57 25.39
7785.71 75.07 102.49 56.88 29.02 -20.63 18.78
7857.14 77.09 101.09 58.22 30.46 -16.97 18.68
7928.57 79.46 99.84 59.50 32.93 -20.26 18.18
8000.00 81.89 98.39 60.84 36.40 -17.01 21.55
8071.43 84.49 97.32 62.36 37.45 -17.49 23.07
8142.86 87.08 96.05 63.96 37.67 -19.87 23.02
8214.29 89.77 94.85 65.62 37.94 -17.19 29.82
8285.71 92.55 93.72 67.78 41.14 -16.92 35.23
8357.14 95.24 92.25 70.11 40.47 -23.37 38.86
8428.57 97.93 90.62 72.64 37.97 -22.88 37.19
8500.00 100.50 88.89 74.95 34.61 -25.27 32.53
8571.43 102.90 86.93 77.10 32.59 -24.97 26.25
8642.86 105.28 85.03 79.12 32.50 -25.65 27.04
8714.29 107.48 83.00 80.91 31.33 -25.55 19.98
8785.71 109.52 80.86 82.54 26.68 -27.49 14.42
8857.14 111.67 78.92 83.99 32.88 -25.94 18.93
8928.57 113.99 77.05 85.56 32.95 -25.57 21.60
9000.00 116.25 75.21 87.22 30.61 -24.38 20.25
9071.43 118.31 73.47 88.79 29.15 -24.18 20.08
9142.86 120.51 71.76 90.17 30.34 -27.75 19.15
9214.29 122.69 69.95 91.60 31.43 -25.38 21.90
9285.71 124.94 68.23 93.13 31.57 -25.88 21.39
9357.14 127.15 66.49 94.47 28.72 -25.87 17.99
9428.57 129.17 64.52 95.75 27.43 -29.37 20.68
9500.00 131.07 62.86 97.39 25.24 -22.26 24.09
9571.43 133.03 61.63 99.14 27.05 -17.26 27.06
9642.86 134.91 60.68 100.89 29.37 -13.48 24.78
9714.29 137.07 59.74 102.60 29.17 -14.71 22.17
9785.71 139.31 58.62 104.36 32.23 -17.99 24.97
9857.14 141.74 57.40 106.14 35.91 -16.39 25.82
9928.57 144.28 56.07 108.13 36.82 -17.26 30.03
10000.00 146.89 54.53 110.18 38.30 -19.87 31.65
10071.40 149.40 52.87 112.35 35.97 -21.87 31.53
10142.90 151.91 51.40 114.65 31.22 -19.71 34.86
10214.30 154.13 50.11 117.04 33.11 -17.73 32.43
10285.70 156.44 48.78 119.40 33.19 -18.39 31.98
10357.10 158.86 47.49 121.56 34.06 -16.85 30.03
10428.60 161.19 46.10 123.42 34.07 -19.60 24.33
10500.00 163.46 44.27 125.17 29.75 -26.73 20.31
10571.40 165.72 42.25 126.78 32.27 -31.85 18.14
10642.90 167.93 40.12 128.02 30.73 -31.53 17.27
10714.30 170.03 38.08 129.32 29.18 -30.42 17.77
10785.70 171.96 36.14 130.73 25.07 -23.80 18.37
10857.10 173.87 34.64 132.23 25.98 -20.50 18.58
10928.60 175.88 33.31 133.77 30.44 -17.37 24.22
11000.00 178.12 32.15 135.71 31.89 -17.30 27.20
11071.40 180.32 30.87 137.64 30.38 -20.46 27.00
11142.90 182.41 29.42 139.53 29.60 -21.91 28.98
11214.30 184.45 27.87 141.53 29.83 -22.41 28.90
11285.70 186.53 26.37 143.39 29.32 -18.30 28.51
11357.10 188.67 24.92 145.30 29.57 -22.72 27.79
11428.60 190.77 23.43 147.12 31.42 -19.02 26.68
