#t x y z vx vy vz
0.000000000000000000e+00 -9.903984267163320965e+01 -1.196833395681046568e+02 -1.278256128825946121e+02 -2.738383025443023655e+01 1.747473165008897524e+02 9.103784914403360062e+01
3.153600000000000000e+15 -1.014222571535100883e+02 -1.013649592488997797e+02 -1.180428019548841263e+02 -1.923820777506155366e+01 1.837294432642060258e+02 1.004043144998559569e+02
6.307200000000000000e+15 -1.028177602095039873e+02 -8.207503877040312545e+01 -1.072423808041310878e+02 -8.070724840040620407e+00 1.937596179279681508e+02 1.109517066523684292e+02
9.460800000000000000e+15 -1.028432233370488404e+02 -6.171368411549340749e+01 -9.530733225705674272e+01 7.572430815312101160e+00 2.046965945717626596e+02 1.226081090213370288e+02
1.261440000000000000e+16 -1.009311692365582900e+02 -4.022408958305659610e+01 -8.215448152122773706e+01 2.984501256644902156e+01 2.158384135685226681e+02 1.347831685530656500e+02
1.576800000000000000e+16 -9.626765417295671057e+01 -1.769132506363839141e+01 -6.782844539678779938e+01 6.141642758188896778e+01 2.251106372055013765e+02 1.455664541034123260e+02
1.892160000000000000e+16 -8.784048280048547497e+01 5.458136358460986770e+00 -5.269878348422911074e+01 1.034969018144617365e+02 2.279067025535781852e+02 1.505095135447382972e+02
2.207520000000000000e+16 -7.488434336850887973e+01 2.825763806569016623e+01 -3.771636275128965110e+01 1.500448852708582876e+02 2.182621919582181533e+02 1.426850562912620433e+02
2.522880000000000000e+16 -5.764153276186593189e+01 4.944556773364635660e+01 -2.416275832625157349e+01 1.873837938920212309e+02 1.963694643971599305e+02 1.225486659462729619e+02
2.838240000000000000e+16 -3.741099148863842316e+01 6.817868651664693402e+01 -1.290395652681501026e+01 2.085125002971267634e+02 1.702234114251816663e+02 9.777751560309206980e+01
3.153600000000000000e+16 -1.567480709476634360e+01 8.435184145016418711e+01 -4.085299594962465974e+00 2.168480837389469968e+02 1.462729203857624611e+02 7.479688821012229027e+01
3.468960000000000000e+16 6.538087211741700600e+00 9.828651462441413855e+01 2.578783109202427148e+00 2.178413504384508599e+02 1.264180272224017898e+02 5.561413792689489810e+01
3.784320000000000000e+16 2.866362614159557154e+01 1.103878686831218516e+02 7.468192370554432635e+00 2.151386055085917803e+02 1.103962607301057233e+02 4.006787973147613968e+01
4.099680000000000000e+16 5.042489198285139196e+01 1.210087998361644424e+02 1.091921850464446564e+01 2.107128033619743235e+02 9.744727778619312630e+01 2.746607495535162258e+01
4.415040000000000000e+16 7.169721261686669322e+01 1.304269870990767686e+02 1.319861311041496243e+01 2.055703199647821293e+02 8.685947827182565106e+01 1.713994251257881274e+01
4.730400000000000000e+16 9.243320945963603208e+01 1.388553454317753904e+02 1.451192107244414942e+01 2.002173549915078752e+02 7.807707903271712269e+01 8.560494676638782607e+00
5.045760000000000000e+16 1.126242613598686404e+02 1.464572903892635907e+02 1.501743306467885652e+01 1.949061622255665327e+02 7.068719754559883484e+01 1.331990239656581920e+00
5.361120000000000000e+16 1.322808851206091276e+02 1.533596108838725627e+02 1.483826576686877807e+01 1.897590030829842362e+02 6.438596081510927149e+01 -4.838157884155662281e+00
5.676480000000000000e+16 1.514226474208711295e+02 1.596620706606436784e+02 1.407147842689322381e+01 1.848307153321116800e+02 5.894837988302192855e+01 -1.016728671703301146e+01
5.991840000000000000e+16 1.700729177169495472e+02 1.654443216112677817e+02 1.279468199191266820e+01 1.801408786614998689e+02 5.420587004568248091e+01 -1.481864767868447785e+01
6.307200000000000000e+16 1.882561278693122233e+02 1.707708549291466227e+02 1.107079403706482168e+01 1.756907038236103631e+02 5.003033268083176210e+01 -1.891652745598907615e+01
6.622560000000000000e+16 2.059963564621986620e+02 1.756945705097530777e+02 8.951478045895441937e+00 1.714720667190896677e+02 4.632303353300677173e+01 -2.255687336844191648e+01
6.937920000000000000e+16 2.233166249370927403e+02 1.802593800568008362e+02 6.479657976413911946e+00 1.674724039682113244e+02 4.300681478632764509e+01 -2.581476395918259925e+01
7.253280000000000000e+16 2.402385801220820269e+02 1.845021310113035611e+02 3.691380499735332776e+00 1.636773788128259071e+02 4.002059201261691612e+01 -2.874970395492826114e+01
7.568640000000000000e+16 2.567823866739723826e+02 1.884540481695578364e+02 6.172127004636607239e-01 1.600723230472587773e+02 3.731541876262893709e+01 -3.140941996618368748e+01
7.884000000000000000e+16 2.729667320670780555e+02 1.921418284950587463e+02 -2.716694991657472524e+00 1.566429975401846946e+02 3.485163524405514579e+01 -3.383261595631254437e+01
8.199360000000000000e+16 2.888088897614385360e+02 1.955884832563154703e+02 -6.287790218088280092e+00 1.533759702398513411e+02 3.259677500370607817e+01 -3.605099947672936622e+01
8.514720000000000000e+16 3.043248100203965123e+02 1.988139936446187903e+02 -1.007648075690730138e+01 1.502587792458109561e+02 3.052400818995898746e+01 -3.809079059652473376e+01
8.830080000000000000e+16 3.195292212796624085e+02 2.018358269490952637e+02 -1.406563181769817561e+01 1.472799762217442208e+02 2.861096950254473725e+01 -3.997385931068267695e+01
9.145440000000000000e+16 3.344357326332948901e+02 2.046693472178317847e+02 -1.824016577775547177e+01 1.444291048398352189e+02 2.683886541547362015e+01 -4.171859283050361711e+01
9.460800000000000000e+16 3.490569324083863307e+02 2.073281451630474805e+02 -2.258674040020613205e+01 1.416966457953294594e+02 2.519178662158317294e+01 -4.334056412453332285e+01
9.776160000000000000e+16 3.634044803395943859e+02 2.098243055934813697e+02 -2.709348781898505010e+01 1.390739465458338202e+02 2.365617304315149028e+01 -4.485305253871657527e+01
1.009152000000000000e+17 3.774891923106968079e+02 2.121686260302961102e+02 -3.174980104452152929e+01 1.365531461143217200e+02 2.222039351985358380e+01 -4.626745312038477920e+01
1.040688000000000000e+17 3.913211174522864439e+02 2.143707968174634857e+02 -3.654615797935525023e+01 1.341271007016062242e+02 2.087441259711967589e+01 -4.759360133503828649e+01
1.072224000000000000e+17 4.049096078337275344e+02 2.164395505914404225e+02 -4.147397530135760491e+01 1.317893131492012060e+02 1.960952412241525522e+01 -4.884003283586703503e+01
1.103760000000000000e+17 4.182633812171811769e+02 2.183827871669538183e+02 -4.652548632457615696e+01 1.295338677064314368e+02 1.841813656092298856e+01 -5.001419291806416823e+01
1.135296000000000000e+17 4.313905774430516544e+02 2.202076785456852122e+02 -5.169363825738412999e+01 1.273553706350778754e+02 1.729359870013881917e+01 -5.112260665500718204e+01
1.166832000000000000e+17 4.442988090440567248e+02 2.219207577367769773e+02 -5.697200526586235725e+01 1.252488966632970318e+02 1.623005715494631929e+01 -5.217101805844607298e+01
1.198368000000000000e+17 4.569952066718841479e+02 2.235279943035852170e+02 -6.235471450285612605e+01 1.232099410179585846e+02 1.522233910529279122e+01 -5.316450464670383269e+01
1.229904000000000000e+17 4.694864598855505733e+02 2.250348589566605710e+02 -6.783638284111310668e+01 1.212343766243579921e+02 1.426585520153073539e+01 -5.410757234719577724e+01
1.261440000000000000e+17 4.817788538056929610e+02 2.264463790529336222e+02 -7.341206249643835235e+01 1.193184160059497287e+02 1.335651870042358524e+01 -5.500423456477662398e+01
1.292976000000000000e+17 4.938783020908489902e+02 2.277671865023401665e+02 -7.907719407601513240e+01 1.174585774087360477e+02 1.249067774851514478e+01 -5.585807841823901043e+01
1.324512000000000000e+17 5.057903766441550033e+02 2.290015593012891202e+02 -8.482756586153251988e+01 1.156516546936375249e+02 1.166505838092222902e+01 -5.667232051423464867e+01
1.356048000000000000e+17 5.175203344138706143e+02 2.301534576894193833e+02 -9.065927835401662094e+01 1.138946905725235439e+02 1.087671630440074999e+01 -5.744985414089189391e+01
1.387584000000000000e+17 5.290731416097264628e+02 2.312265557485448824e+02 -9.656871328035057900e+01 1.121849528018119599e+02 1.012299592136969828e+01 -5.819328938604813573e+01
1.419120000000000000e+17 5.404534956196553139e+02 2.322242691204127425e+02 -1.025525064002276281e+02 1.105199129871128605e+02 9.401495354015006356e+00 -5.890498739060230804e+01
1.450656000000000000e+17 5.516658448780092385e+02 2.331497794052116888e+02 -1.086075235641822445e+02 1.088972276907347236e+02 8.710036464994344030e+00 -5.958708971628399809e+01
1.482192000000000000e+17 5.627144069066989687e+02 2.340060557097932303e+02 -1.147308395640928751e+02 1.073147215696504020e+02 8.046639058780634457e+00 -6.024154362442871502e+01
1.513728000000000000e+17 5.736031847245164954e+02 2.347958737387898793e+02 -1.209197193915405251e+02 1.057703723041240380e+02 7.409498596683283367e+00 -6.087012391710956649e+01
1.545264000000000000e+17 5.843359817968899961e+02 2.355218327597349628e+02 -1.271716015800430455e+02 1.042622971064523938e+02 6.796966877657846240e+00 -6.147445187586522763e+01
1.576800000000000000e+17 5.949164156781286010e+02 2.361863707221827724e+02 -1.334840833571178109e+02 1.027887406252440172e+02 6.207535232686640647e+00 -6.205601173993743913e+01
1.608336000000000000e+17 6.053479304805201764e+02 2.367917777685589158e+02 -1.398549073734367312e+02 1.013480640835519040e+02 5.639819857782456758e+00 -6.261616509052978330e+01
1.639872000000000000e+17 6.156338082891479644e+02 2.373402083393555415e+02 -1.462819498106669869e+02 9.993873550925472671e+01 5.092548973384559474e+00 -6.315616344637850688e+01
1.671408000000000000e+17 6.257771796277156682e+02 2.378336920459894372e+02 -1.527632096982398195e+02 9.855932093363749402e+01 4.564551549063121882e+00 -6.367715932598388662e+01
1.702944000000000000e+17 6.357810330687760825e+02 2.382741434600990829e+02 -1.592967992932953223e+02 9.720847644943839327e+01 4.054747374349148004e+00 -6.418021599092438123e+01
1.734480000000000000e+17 6.456482240713272631e+02 2.386633709474176044e+02 -1.658809353982441905e+02 9.588494103297465188e+01 3.562138290982854727e+00 -6.466631605099243529e+01
1.766016000000000000e+17 6.553814831195859369e+02 2.390030846569370055e+02 -1.725139315074365527e+02 9.458753004658260011e+01 3.085800430358509594e+00 -6.513636908405305803e+01
1.797552000000000000e+17 6.649834232287036002e+02 2.392949037613204837e+02 -1.791941906888743290e+02 9.331512934772777612e+01 2.624877323573275856e+00 -6.559121840042789131e+01
1.829088000000000000e+17 6.744565468761143165e+02 2.395403630319738113e+02 -1.859201991191864920e+02 9.206668993995567973e+01 2.178573771164703743e+00 -6.603164706236762527e+01
1.860624000000000000e+17 6.838032524109721635e+02 2.397409188214874405e+02 -1.926905202005640945e+02 9.084122310853690863e+01 1.746150376067852505e+00 -6.645838325309148331e+01
1.892160000000000000e+17 6.930258399886356528e+02 2.398979545170063261e+02 -1.995037891973185538e+02 8.963779599036091383e+01 1.326918657117946987e+00 -6.687210507637773560e+01
1.923696000000000000e+17 7.021265170723014535e+02 2.400127855202287606e+02 -2.063587083374225415e+02 8.845552753348344766e+01 9.202366720349659523e-01 -6.727344485632934834e+01
1.955232000000000000e+17 7.111074035395928377e+02 2.400866638029731917e+02 -2.132540423310183542e+02 8.729358480684609845e+01 5.255050886307428559e-01 -6.766299299734416195e+01
1.986768000000000000e+17 7.199705364281024913e+02 2.401207820814161948e+02 -2.201886142635981969e+02 8.615117962516117700e+01 1.421636512842958111e-01 -6.804130145618957215e+01
2.018304000000000000e+17 7.287178743505108969e+02 2.401162776470529252e+02 -2.271613018265121013e+02 8.502756545787644882e+01 -2.303120032120729022e-01 -6.840888687117299582e+01
2.049840000000000000e+17 7.373513016069008472e+02 2.400742358880481504e+02 -2.341710338517565049e+02 8.392203459457437020e+01 -5.924132203195480173e-01 -6.876623338751076631e+01
2.081376000000000000e+17 7.458726320192187131e+02 2.399956935308324546e+02 -2.412167871217353650e+02 8.283391554218323449e+01 -9.446009276765081619e-01 -6.911379521296431960e+01
2.112912000000000000e+17 7.542836125104503253e+02 2.398816416284721811e+02 -2.482975834279474157e+02 8.176257063203755138e+01 -1.287307990618730802e+00 -6.945199893349825970e+01
2.144448000000000000e+17 7.625859264489563429e+02 2.397330283194344815e+02 -2.554124868554044667e+02 8.070739381716821015e+01 -1.620941349851072522e+00 -6.978124561500720802e+01
2.175984000000000000e+17 7.707811967765128429e+02 2.395507613778216864e+02 -2.625606012720845115e+02 7.966780864227115444e+01 -1.945883964565318536e+00 -7.010191271396335821e+01
2.207520000000000000e+17 7.788709889368996073e+02 2.393357105739118822e+02 -2.697410680049177927e+02 7.864326637063052772e+01 -2.262496581483302904e+00 -7.041435581707776237e+01
2.239056000000000000e+17 7.868568136203577978e+02 2.390887098618745767e+02 -2.769530636857354580e+02 7.763324425388964301e+01 -2.571119347866997362e+00 -7.071891022767884749e+01
2.270592000000000000e+17 7.947401293378684386e+02 2.388105594097941946e+02 -2.841957982523140913e+02 7.663724393199630924e+01 -2.872073284422337558e+00 -7.101589241443885214e+01
2.302128000000000000e+17 8.025223448379720139e+02 2.385020274856007916e+02 -2.914685130911541364e+02 7.565478995192091816e+01 -3.165661632184294305e+00 -7.130560133627510311e+01
2.333664000000000000e+17 8.102048213777443380e+02 2.381638522111489920e+02 -2.987704793099637754e+02 7.468542839487645324e+01 -3.452171085867675515e+00 -7.158831965568150224e+01
2.365200000000000000e+17 8.177888748585434087e+02 2.377967431954823496e+02 -3.061009961290012598e+02 7.372872560277556886e+01 -3.731872924768058652e+00 -7.186431485137231334e+01
2.396736000000000000e+17 8.252757778362421277e+02 2.374013830572496317e+02 -3.134593893814805483e+02 7.278426699555684820e+01 -4.005024051071893965e+00 -7.213384023991854122e+01
2.428272000000000000e+17 8.326667614148475423e+02 2.369784288452871408e+02 -3.208450101141793880e+02 7.185165597181240571e+01 -4.271867944360235647e+00 -7.239713591500299117e+01
2.459808000000000000e+17 8.399630170316685280e+02 2.365285133655315235e+02 -3.282572332802243977e+02 7.093051288586453040e+01 -4.532635540146385367e+00 -7.265442961199383376e+01
2.491344000000000000e+17 8.471656981415294467e+02 2.360522464216685705e+02 -3.356954565167720830e+02 7.002047409507883913e+01 -4.787546039456557878e+00 -7.290593750472095280e+01
2.522880000000000000e+17 8.542759218069188591e+02 2.355502159762451697e+02 -3.431590990009718780e+02 6.912119107177510102e+01 -5.036807655729664823e+00 -7.315186494061998701e+01
2.554416000000000000e+17 8.612947702004131543e+02 2.350229892383623849e+02 -3.506476003781947384e+02 6.823232957461122794e+01 -5.280618304664712603e+00 -7.339240711977340936e+01
2.585952000000000000e+17 8.682232920252158692e+02 2.344711136835224750e+02 -3.581604197570478618e+02 6.735356887477823307e+01 -5.519166242071146478e+00 -7.362774972281549424e+01
2.617488000000000000e+17 8.750625038591969087e+02 2.338951180107114851e+02 -3.656970347661769551e+02 6.648460103275962751e+01 -5.752630654269403898e+00 -7.385806949216910766e+01
2.649024000000000000e+17 8.818133914274020526e+02 2.332955130413576796e+02 -3.732569406682925433e+02 6.562513022178303856e+01 -5.981182205137760555e+00 -7.408353477063946002e+01
2.680560000000000000e+17 8.884769108076231987e+02 2.326727925644076436e+02 -3.808396495272480138e+02 6.477487209442951155e+01 -6.204983543500316223e+00 -7.430430600099600724e+01
2.712096000000000000e+17 8.950539895732757714e+02 2.320274341314027708e+02 -3.884446894243490647e+02 6.393355318917037522e+01 -6.424189774193542313e+00 -7.452053618982256467e+01
2.743632000000000000e+17 9.015455278775133365e+02 2.313598998051139120e+02 -3.960716037203955011e+02 6.310091037387704205e+01 -6.638948895829976493e+00 -7.473237133860271797e+01
2.775168000000000000e+17 9.079523994822186523e+02 2.306706368649983574e+02 -4.037199503602430468e+02 6.227669032359823831e+01 -6.849402207992779879e+00 -7.493995084472794588e+01
2.806704000000000000e+17 9.142754527352477680e+02 2.299600784724761695e+02 -4.113893012169365875e+02 6.146064903012459268e+01 -7.055684690340011223e+00 -7.514340787486514728e+01
2.838240000000000000e+17 9.205155114990586753e+02 2.292286442987822568e+02 -4.190792414727022788e+02 6.065255134106529766e+01 -7.257925355869120132e+00 -7.534286971289640178e+01
2.869776000000000000e+17 9.266733760336348951e+02 2.284767411179302599e+02 -4.267893690343032063e+02 5.985217052634705936e+01 -7.456247580387303842e+00 -7.553845808444231125e+01
2.901312000000000000e+17 9.327498238364071312e+02 2.277047633671247411e+02 -4.345192939804587127e+02 5.905928787021437643e+01 -7.650769410049314878e+00 -7.573028945979937987e+01
2.932848000000000000e+17 9.387456104416903599e+02 2.269130936767770095e+02 -4.422686380392061665e+02 5.827369228696365155e+01 -7.841603848658759368e+00 -7.591847533695937500e+01
2.964384000000000000e+17 9.446614701819778475e+02 2.261021033721132198e+02 -4.500370340932477689e+02 5.749517995878328236e+01 -8.028859126279801472e+00 -7.610312250623208286e+01
2.995920000000000000e+17 9.504981169132746572e+02 2.252721529482130620e+02 -4.578241257114731866e+02 5.672355399419937072e+01 -8.212638950571724550e+00 -7.628433329786054173e+01
3.027456000000000000e+17 9.562562447065065498e+02 2.244235925201785165e+02 -4.656295667049843132e+02 5.595862410574273582e+01 -8.393042742137380330e+00 -7.646220581389870574e+01
3.058992000000000000e+17 9.619365285069028459e+02 2.235567622500064431e+02 -4.734530207060732891e+02 5.520020630555907815e+01 -8.570165855066811389e+00 -7.663683414551346118e+01
3.090528000000000000e+17 9.675396247631265396e+02 2.226719927516222981e+02 -4.812941607687191095e+02 5.444812261778112372e+01 -8.744099783757986799e+00 -7.680830857677554491e+01
3.122064000000000000e+17 9.730661720278096709e+02 2.217696054754274257e+02 -4.891526689892708646e+02 5.370220080657021811e+01 -8.914932357006611241e+00 -7.697671577591496828e+01
3.153600000000000000e+17 9.785167915310430544e+02 2.208499130736138625e+02 -4.970282361460829179e+02 5.296227411881618252e+01 -9.082747920275336284e+00 -7.714213897493692684e+01
