#t, x, y, z, vx, vy, vz
0.00 -377.45 611.20 -284.49 71.66 -72.68 51.51
71.43 -371.75 605.87 -281.22 74.33 -78.17 55.78
142.86 -366.51 600.49 -277.61 73.43 -77.33 53.30
214.29 -361.23 594.90 -273.67 70.71 -77.97 54.77
285.71 -356.00 589.62 -270.48 71.44 -81.35 52.03
357.14 -351.02 583.94 -266.94 71.32 -83.22 49.72
428.57 -346.20 578.29 -263.63 68.76 -81.65 45.31
500.00 -341.46 572.47 -260.48 68.12 -82.75 42.95
571.43 -336.86 566.62 -257.24 67.54 -82.15 42.10
642.86 -332.02 560.57 -254.04 66.35 -84.94 43.94
714.29 -327.92 554.68 -250.76 59.55 -82.94 42.63
785.71 -324.00 548.74 -247.46 53.60 -80.71 42.85
857.14 -320.42 543.15 -244.52 47.50 -76.20 40.96
928.57 -317.21 537.72 -241.29 44.67 -70.79 38.07
1000.00 -313.92 532.69 -238.34 45.72 -69.07 42.58
1071.43 -311.00 527.85 -234.89 42.16 -63.57 46.23
1142.86 -307.56 523.14 -231.42 45.30 -61.52 47.88
1214.29 -304.32 518.55 -227.53 47.23 -61.25 52.97
1285.71 -300.77 513.95 -223.46 45.98 -59.65 57.62
1357.14 -297.28 509.63 -219.24 50.72 -59.19 58.05
1428.57 -293.30 505.14 -215.00 52.61 -60.95 62.01
1500.00 -289.12 500.62 -210.50 56.99 -61.52 62.56
1571.43 -284.83 496.05 -205.88 57.97 -62.23 63.48
1642.86 -280.53 491.64 -201.41 62.26 -63.74 65.11
1714.29 -275.63 486.97 -196.96 69.58 -67.98 66.81
1785.71 -270.38 482.06 -192.16 73.63 -69.50 68.84
1857.14 -265.04 477.12 -187.29 76.36 -72.56 70.77
1928.57 -259.47 472.12 -182.30 78.36 -72.53 73.05
2000.00 -253.93 466.84 -177.19 78.57 -74.15 73.25
2071.43 -248.19 461.47 -172.15 81.34 -78.95 74.28
2142.86 -242.39 455.83 -166.82 83.05 -81.58 76.43
2214.29 -236.40 450.19 -161.77 86.06 -82.45 73.72
2285.71 -230.18 444.39 -156.59 90.18 -83.96 71.43
2357.14 -223.67 438.32 -151.46 94.24 -89.12 72.11
2428.57 -217.36 431.83 -146.14 91.20 -92.82 71.76
2500.00 -211.05 425.26 -140.92 92.99 -95.69 73.24
2571.43 -204.65 418.49 -135.59 94.62 -97.07 73.34
2642.86 -198.07 411.60 -130.38 94.01 -97.74 73.07
2714.29 -191.32 404.44 -124.90 94.67 -99.74 72.92
2785.71 -184.62 397.20 -119.34 95.20 -102.31 76.38
2857.14 -178.00 389.83 -113.68 97.27 -103.99 76.38
2928.57 -171.25 382.36 -108.11 97.29 -105.26 75.27
3000.00 -164.28 374.48 -102.39 97.81 -110.59 77.71
3071.43 -157.31 366.41 -96.57 99.40 -111.99 80.47
3142.86 -149.80 357.92 -90.49 102.67 -118.14 81.37
3214.29 -142.72 349.34 -84.38 104.38 -120.47 80.28
3285.71 -135.05 340.35 -78.38 108.87 -129.23 84.92
3357.14 -127.30 330.54 -71.68 111.29 -134.58 87.51
3428.57 -119.24 320.65 -65.45 114.61 -143.98 85.88
3500.00 -110.72 309.67 -59.10 119.11 -157.81 86.79
3571.43 -102.25 297.81 -52.69 115.94 -168.82 89.75
3642.86 -93.48 285.10 -46.37 120.51 -181.86 86.92
3714.29 -84.65 271.42 -40.34 121.51 -198.91 81.88
3785.71 -75.63 256.24 -35.04 123.40 -227.37 71.20
3857.14 -66.63 238.99 -30.63 121.22 -259.24 53.10
3928.57 -58.33 218.98 -28.35 95.82 -299.99 13.83
4000.00 -53.40 197.79 -30.09 44.46 -286.76 -52.58
4071.43 -51.61 179.72 -35.09 18.23 -232.54 -68.86
4142.86 -50.76 165.11 -39.70 19.91 -185.94 -59.14
4214.29 -49.65 153.23 -43.46 25.92 -159.30 -41.88
4285.71 -48.06 142.68 -45.84 26.74 -136.00 -25.38
4357.14 -46.87 133.72 -46.92 24.73 -114.81 -14.58
4428.57 -45.52 126.20 -47.81 21.88 -99.79 -4.41
4500.00 -44.34 119.64 -47.96 22.70 -82.90 0.44
4571.43 -43.27 114.23 -47.91 18.68 -67.31 4.64
4642.86 -42.03 109.85 -47.51 18.06 -54.89 8.24
4714.29 -41.18 106.17 -46.48 17.76 -43.24 12.03
4785.71 -40.32 103.54 -45.52 15.39 -32.22 13.05
4857.14 -39.23 101.43 -44.44 18.41 -21.37 14.73
4928.57 -38.19 100.14 -43.19 18.23 -10.48 15.80
5000.00 -36.85 99.58 -41.79 19.89 -2.68 20.01
5071.43 -35.43 99.54 -40.01 20.63 6.20 22.64
5142.86 -33.77 100.17 -38.23 23.15 14.80 26.60
5214.29 -31.82 101.25 -36.05 25.94 20.76 32.63
5285.71 -29.68 102.85 -33.53 25.54 29.07 37.33
5357.14 -27.43 105.31 -30.87 29.26 37.81 41.60
5428.57 -25.02 108.47 -27.94 34.00 48.38 45.69
5500.00 -22.29 112.23 -24.84 38.03 55.25 52.48
5571.43 -19.31 116.85 -21.12 45.10 68.88 60.14
5642.86 -16.02 122.53 -16.65 49.74 85.87 69.91
5714.29 -12.43 129.52 -11.41 60.58 109.28 81.60
5785.71 -7.62 138.81 -5.19 81.19 145.68 100.71
5857.14 1.30 151.02 3.56 195.09 144.72 140.52
5928.57 12.80 155.80 9.84 119.84 12.17 76.54
6000.00 19.33 155.81 13.36 45.36 -10.17 44.56
6071.43 22.15 154.17 16.11 4.76 -20.71 21.75
6142.86 21.63 151.22 16.87 -16.52 -49.14 4.68
6214.29 19.72 145.71 16.14 -49.62 -113.23 -28.90
6285.71 20.14 140.02 14.58 54.22 -3.32 30.73
6357.14 23.90 140.06 17.97 35.39 -5.32 39.22
6428.57 26.22 138.82 20.10 29.55 -26.72 33.15
6500.00 29.14 136.34 21.75 36.63 -34.73 33.25
6571.43 31.85 134.44 24.24 38.13 -25.96 46.65
6642.86 33.60 132.94 27.32 40.70 -26.48 40.64
6714.29 37.49 131.41 29.41 42.91 -27.20 42.69
6785.71 40.17 129.54 32.03 37.39 -34.60 30.37
6857.14 42.90 127.21 34.21 39.61 -32.43 30.20
6928.57 46.15 124.90 36.53 37.70 -33.87 31.29
7000.00 48.38 122.60 38.45 40.40 -33.82 30.40
7071.43 50.76 120.25 40.31 33.90 -34.74 18.15
7142.86 53.42 117.96 41.67 35.37 -31.06 18.09
7214.29 55.99 115.81 43.54 33.58 -28.18 17.82
7285.71 58.28 113.93 44.92 34.83 -30.02 17.02
7357.14 60.20 112.39 46.35 37.53 -25.77 19.79
7428.57 62.57 110.75 47.98 35.61 -22.98 20.17
7500.00 65.25 109.07 49.76 37.88 -22.96 23.34
7571.43 67.76 107.38 51.54 35.76 -22.69 25.61
7642.86 70.38 105.82 53.46 34.37 -20.84 21.67
7714.29 72.69 104.15 55.12 31.10 -19.30 21.85
7785.71 75.13 102.89 56.22 33.06 -15.99 20.06
7857.14 77.32 101.47 58.34 31.06 -17.92 19.23
7928.57 79.64 100.02 59.74 31.85 -19.88 15.51
8000.00 82.15 98.63 61.10 33.45 -17.42 20.00
8071.43 84.69 97.36 62.57 34.07 -18.25 20.95
8142.86 87.27 96.11 64.24 33.18 -16.57 23.97
8214.29 89.92 95.02 65.94 34.73 -15.93 25.73
8285.71 92.60 93.75 67.88 36.03 -21.16 31.32
8357.14 95.17 92.39 70.14 37.15 -20.52 36.12
8428.57 97.85 90.79 72.48 37.05 -23.95 33.52
8500.00 100.33 89.00 74.85 33.62 -27.76 33.94
8571.43 102.56 87.03 77.12 34.81 -27.60 30.70
8642.86 105.25 84.83 78.91 32.40 -32.67 24.41
8714.29 107.33 82.77 80.63 28.44 -30.48 25.41
8785.71 109.44 80.87 82.40 31.74 -27.38 23.56
8857.14 111.78 78.87 83.96 31.64 -28.77 20.81
8928.57 113.87 76.88 85.45 31.80 -27.14 21.72
9000.00 116.14 75.14 87.18 32.08 -25.85 19.52
9071.43 118.24 73.38 88.59 29.28 -24.50 21.31
9142.86 120.70 71.58 90.15 30.82 -25.53 21.06
9214.29 122.61 69.86 91.66 29.83 -25.53 18.23
9285.71 124.68 68.01 92.95 31.94 -26.93 18.87
9357.14 127.03 66.19 94.44 31.61 -26.87 21.59
9428.57 129.13 64.46 96.06 27.32 -25.56 21.22
9500.00 130.94 62.68 97.33 25.10 -21.01 20.00
9571.43 132.82 61.38 99.07 25.20 -14.53 22.20
9642.86 134.71 60.45 100.71 29.24 -13.03 22.49
9714.29 136.93 59.47 102.47 31.53 -12.88 22.93
9785.71 139.25 58.42 104.31 33.14 -14.19 24.69
9857.14 141.78 57.31 106.23 34.18 -18.79 25.28
9928.57 144.24 55.85 108.17 32.79 -20.46 30.32
10000.00 146.80 54.39 110.23 36.61 -21.09 32.11
10071.40 149.34 52.87 112.47 33.18 -19.92 32.89
10142.90 151.76 51.46 114.74 30.71 -18.34 34.38
10214.30 154.14 50.12 116.86 33.79 -18.94 31.56
10285.70 156.49 48.84 119.13 34.09 -19.26 29.99
10357.10 158.98 47.55 121.33 36.15 -19.40 28.10
10428.60 161.37 45.86 123.29 34.61 -24.27 27.71
10500.00 163.82 44.31 125.19 33.45 -31.50 24.80
10571.40 166.06 42.26 126.91 32.46 -31.22 18.72
10642.90 168.25 40.15 128.27 29.40 -30.31 18.67
10714.30 170.37 38.15 129.67 31.69 -26.91 16.83
10785.70 172.32 36.36 131.15 27.09 -22.78 19.63
10857.10 174.14 34.63 132.50 28.62 -19.51 18.92
10928.60 175.99 33.23 133.94 28.35 -17.57 20.96
11000.00 178.13 31.92 135.69 30.64 -15.95 24.30
11071.40 180.25 30.78 137.53 32.47 -17.23 26.23
11142.90 182.35 29.24 139.35 29.84 -20.37 27.46
11214.30 184.45 27.76 141.47 29.14 -18.34 29.25
11285.70 186.51 26.37 143.26 29.21 -16.73 27.41
11357.10 188.68 25.00 145.20 30.42 -19.43 28.13
11428.60 190.88 23.44 147.02 31.35 -21.28 27.38
